10
92.601
0 1 15 15
0 2 1 1
0 3 2 2
0 4 3 3
0 5 2 2
0 6 1 1
0 7 2 1
0 8 2.5 1
0 9 3 2
1 2 6.535 10.494
1 3 6.691 5.99
1 4 8.851 13.814
1 5 8.548 2.294
1 6 12.732 11.435
1 7 5.249 7.125
1 8 0.417 0.325
1 9 7.039 7.116
2 3 13.837 1.099
2 4 4.081 6.576
2 5 11.888 10.93
2 6 6.126 11.4
2 7 4.297 8.485
2 8 4.846 9.834
2 9 7.589 12.221
3 4 5.075 12.755
3 5 3.679 0.49
3 6 6.709 6.537
3 7 13.723 6.8
3 8 6.121 4.092
3 9 0.501 11.346
4 5 7.486 10.607
4 6 0.502 0.426
4 7 7.451 2.052
4 8 1.249 11.389
4 9 1.955 7.371
5 6 0.882 12.384
5 7 1.617 10.135
5 8 11.44 1.707
5 9 1.199 9.546
6 7 11.773 12.196
6 8 5.309 6.084
6 9 7.509 5.298
7 8 8.103 1.323
7 9 11.003 3.391
8 9 9.093 9.175
